66,4
66,3
66,2
66,1
66,0
65,35
10,270
10,196
10,186
10,204
10,240
10,292
10,282
11,18
11,17
11,6
11,13
8,7
64,4
64,3
64,2
64,1
64,0
45,3
45,1
20,3
20,2
20,1
19,3
19,2
19,1
12,3
12,2
12,1
11,30
11,29
11,28
11,27
11,24
11,23
11,22
11,20
11,19
11,16
11,15
11,10
11,9
11,8
11,7
11,5
11,4
11,3
11,2
11,1
10,310
10,307
10,285
10,254
10,242
10,232
10,211
10,202
18,1
10,149
10,136
10,124
18,3
14,1
10,119
10,118
14,3
13,1
10,117
13,3
10,116
10,110
10,106
10,94
10,92
10,89
10,88
2,2
2,1
10,65
10,22
10,3
2,3
10,2
10,1
9,7
9,6
9,5
9,4
9,3
9,2
9,1
8,18
8,17
8,16
8,15
8,14
8,12
8,11
8,10
8,9
8,8
8,6
